1008000
1512000
1008000
1512000
1512000
1512000
1512000
1512000
1512000
1512000
1512000
1512000
1512000
1512000
1512000
1512000
1512000
1512000
1512000
1512000
1512000
1512000
1512000
1512000
1512000
1512000
1512000
1512000
1512000
Image.gz9,0,7092638,0.250817,verified
Image.gz9,1,7092638,0.246556,verified
Image.gz9,2,7092638,0.245641,verified
Image.gz9,3,7092638,0.247892,verified
Image.gz9,4,7092638,0.246450,verified
Image.gz9,5,7092638,0.247248,verified
Image.gz9,6,7092638,0.247030,verified
Image.gz9,7,7092638,0.248492,verified
Image.gz9,8,7092638,0.248177,verified
Image.gz9,9,7092638,0.248676,verified
